version https://git-lfs.github.com/spec/v1
oid sha256:50b16f981f96b780fb30ce36d545b82422dd04d3aa3f04228e074a1834e81613
size 1931911
