version https://git-lfs.github.com/spec/v1
oid sha256:53b81fe38f4cc5f4e481cf033c2eb5681a603a3d117a85b9aa273565d93830d3
size 1940400
