version https://git-lfs.github.com/spec/v1
oid sha256:dc09e8f5e5368695c4fb9ded641ca4e894134477f724d0af264c2cb62b8c83d0
size 1940598
