version https://git-lfs.github.com/spec/v1
oid sha256:cbe4cbafc1aa40d901f843850737a9100d0747e28973cab211369e87d81d579f
size 1915642
