version https://git-lfs.github.com/spec/v1
oid sha256:0e3e96808270bb0ca186e9c63dcd61c821e71d790a6fb323f06c535b6397de30
size 1914429
