version https://git-lfs.github.com/spec/v1
oid sha256:e170e2574f1a704297ec1b4570c9fceeb9680a50a5f73ea3672c5f435fe47f61
size 1892868
