version https://git-lfs.github.com/spec/v1
oid sha256:c61c8907ae68e5aadf804110b9c4283b7d98b72a93be70ad2ce5f1e4d971290c
size 1904820
